
=== Finding roots for f1: exp(-x) * sin(x) + x/5, using Newton (analytic) ===
Start x0 = 0.500000000000
    Iter                x_next             f(x_next)              |dx|
       1       -0.385144298623       -0.629232156272    0.885144298623
       2       -0.087544449033       -0.112940840705    0.297599849590
       3       -0.005865599272       -0.007073191650    0.081678849761
       4       -0.000028503691       -0.000034205242    0.005837095581
       5       -0.000000000677       -0.000000000812    0.000028503014
       6       -0.000000000000       -0.000000000000    0.000000000677
       7        0.000000000000        0.000000000000    0.000000000000
Result: 0.000000000000 f(root)=0.000000000000

Start x0 = -3.000000000000
    Iter                x_next             f(x_next)              |dx|
       1       -3.203825457669        0.890825604378    0.203825457669
       2       -3.169444552777        0.028740860065    0.034380904893
       3       -3.168259248571        0.000033403857    0.001185304205
       4       -3.168257867751        0.000000000045    0.000001380820
       5       -3.168257867749        0.000000000000    0.000000000002
       6       -3.168257867749        0.000000000000    0.000000000000
Result: -3.168257867749 f(root)=0.000000000000

Start x0 = -6.200000000000
    Iter                x_next             f(x_next)              |dx|
       1       -6.288167809071       -3.939037581282    0.088167809071
       2       -6.280887331867       -0.028456461488    0.007280477204
       3       -6.280833966001       -0.000001521504    0.000053365866
       4       -6.280833963148       -0.000000000000    0.000000002854
       5       -6.280833963148        0.000000000000    0.000000000000
Result: -6.280833963148 f(root)=0.000000000000

Start x0 = -9.300000000000
    Iter                x_next             f(x_next)              |dx|
       1       -9.443617512782      235.990140338014    0.143617512782
       2       -9.425270728014        4.224153432594    0.018346784767
       3       -9.424930171087        0.001437716225    0.000340556927
       4       -9.424930055097        0.000000000156    0.000000115990
       5       -9.424930055097        0.000000000002    0.000000000000
Result: -9.424930055097 f(root)=0.000000000002


=== Finding roots for f1: exp(-x) * sin(x) + x/5, using Newton (numerical derivative) ===
Start x0 = 0.500000000000
    Iter                x_next             f(x_next)              |dx|
       1       -0.385144298619       -0.629232156263    0.885144298619
       2       -0.087544449026       -0.112940840695    0.297599849593
       3       -0.005865599271       -0.007073191649    0.081678849754
       4       -0.000028503691       -0.000034205242    0.005837095580
       5       -0.000000000677       -0.000000000812    0.000028503014
       6       -0.000000000000       -0.000000000000    0.000000000677
       7       -0.000000000000       -0.000000000000    0.000000000000
Result: -0.000000000000 f(root)=-0.000000000000

Start x0 = -3.000000000000
    Iter                x_next             f(x_next)              |dx|
       1       -3.203825457642        0.890825603654    0.203825457642
       2       -3.169444552780        0.028740860142    0.034380904862
       3       -3.168259248572        0.000033403861    0.001185304208
       4       -3.168257867751        0.000000000045    0.000001380821
       5       -3.168257867749        0.000000000000    0.000000000002
       6       -3.168257867749        0.000000000000    0.000000000000
Result: -3.168257867749 f(root)=0.000000000000

Start x0 = -6.200000000000
    Iter                x_next             f(x_next)              |dx|
       1       -6.288167809059       -3.939037574917    0.088167809059
       2       -6.280887331868       -0.028456461943    0.007280477191
       3       -6.280833966001       -0.000001521507    0.000053365867
       4       -6.280833963148       -0.000000000000    0.000000002854
       5       -6.280833963148        0.000000000000    0.000000000000
Result: -6.280833963148 f(root)=0.000000000000

Start x0 = -9.300000000000
    Iter                x_next             f(x_next)              |dx|
       1       -9.443617512890      235.990141727109    0.143617512890
       2       -9.425270728004        4.224153310772    0.018346784885
       3       -9.424930171087        0.001437712989    0.000340556918
       4       -9.424930055097        0.000000000156    0.000000115989
       5       -9.424930055097        0.000000000002    0.000000000000
Result: -9.424930055097 f(root)=0.000000000002


=== Finding roots for f1: exp(-x) * sin(x) + x/5, using Secant method ===
Start x0 = 0.400000000000  x1 = 0.600000000000
    Iter                x0                x1                    x2                 f(x2)            |dx|
       1    0.400000000000    0.600000000000       -0.367686557867       -0.592733971985  0.967686557867
       2    0.600000000000   -0.367686557867        0.193208745041        0.196916598680  0.560895302908
       3   -0.367686557867    0.193208745041        0.053337263442        0.061210417405  0.139871481599
       4    0.193208745041    0.053337263442       -0.009751917104       -0.011797709545  0.063089180546
       5    0.053337263442   -0.009751917104        0.000442945558        0.000531338498  0.010194862663
       6   -0.009751917104    0.000442945558        0.000003582925        0.000004299497  0.000439362633
       7    0.000442945558    0.000003582925       -0.000000001323       -0.000000001587  0.000003584248
       8    0.000003582925   -0.000000001323        0.000000000000        0.000000000000  0.000000001323
Result: 0.000000000000 f(root)=0.000000000000

Start x0 = -3.100000000000  x1 = -2.900000000000
    Iter                x0                x1                    x2                 f(x2)            |dx|
       1   -3.100000000000   -2.900000000000       -3.191163291583        0.566667997454  0.291163291583
       2   -2.900000000000   -3.191163291583       -3.161136299473       -0.171077497475  0.030026992110
       3   -3.191163291583   -3.161136299473       -3.168099327648       -0.003834685723  0.006963028175
       4   -3.161136299473   -3.168099327648       -3.168258981892        0.000026952534  0.000159654244
       5   -3.168099327648   -3.168258981892       -3.168257867576       -0.000000004197  0.000001114316
       6   -3.168258981892   -3.168257867576       -3.168257867749       -0.000000000000  0.000000000173
Result: -3.168257867749 f(root)=-0.000000000000

Start x0 = -6.300000000000  x1 = -6.100000000000
    Iter                x0                x1                    x2                 f(x2)            |dx|
       1   -6.300000000000   -6.100000000000       -6.276958725562        2.058172661900  0.176958725562
       2   -6.100000000000   -6.276958725562       -6.281631676089       -0.425661734365  0.004672950527
       3   -6.276958725562   -6.281631676089       -6.280830859324        0.001654880341  0.000800816765
       4   -6.281631676089   -6.280830859324       -6.280833960668        0.000001322037  0.000003101344
       5   -6.280830859324   -6.280833960668       -6.280833963148       -0.000000000004  0.000000002480
       6   -6.280833960668   -6.280833963148       -6.280833963148        0.000000000000  0.000000000000
Result: -6.280833963148 f(root)=0.000000000000

Start x0 = -9.400000000000  x1 = -9.200000000000
    Iter                x0                x1                    x2                 f(x2)            |dx|
       1   -9.400000000000   -9.200000000000       -9.431616572431       83.436180271727  0.231616572431
       2   -9.200000000000   -9.431616572431       -9.423182210299      -21.627076707757  0.008434362132
       3   -9.431616572431   -9.423182210299       -9.424918408110       -0.144365252581  0.001736197811
       4   -9.423182210299   -9.424918408110       -9.424930075475        0.000252592873  0.000011667365
       5   -9.424918408110   -9.424930075475       -9.424930055097       -0.000000002948  0.000000020378
       6   -9.424930075475   -9.424930055097       -9.424930055097        0.000000000002  0.000000000000
       7   -9.424930055097   -9.424930055097       -9.424930055097        0.000000000002  0.000000000000
Blad: dzielenie przez zero. Returning last x1.
Result: -9.424930055097 f(root)=0.000000000002


=== Finding roots for f2: (x - 1) * (x + 1) / (pow(x, 2) + 1) + 0.2 * cos(x), using Newton (analytic) ===
Start x0 = -0.900000000000
    Iter                x_next             f(x_next)              |dx|
       1       -0.879463411890       -0.000228683463    0.020536588110
       2       -0.879700531306       -0.000000030206    0.000237119416
       3       -0.879700562635       -0.000000000000    0.000000031328
       4       -0.879700562635        0.000000000000    0.000000000000
Result: -0.879700562635 f(root)=0.000000000000

Start x0 = 0.900000000000
    Iter                x_next             f(x_next)              |dx|
       1        0.879463411890       -0.000228683463    0.020536588110
       2        0.879700531306       -0.000000030206    0.000237119416
       3        0.879700562635       -0.000000000000    0.000000031328
       4        0.879700562635        0.000000000000    0.000000000000
Result: 0.879700562635 f(root)=0.000000000000


=== Finding roots for f2: (x - 1) * (x + 1) / (pow(x, 2) + 1) + 0.2 * cos(x), using Secant method ===
Start x0 = -1.000000000000  x1 = -0.500000000000
    Iter                x0                x1                    x2                 f(x2)            |dx|
       1   -1.000000000000   -0.500000000000       -0.898543151774        0.017975817114  0.398543151774
       2   -0.500000000000   -0.898543151774       -0.882351518483        0.002552189442  0.016191633291
       3   -0.898543151774   -0.882351518483       -0.879672245071       -0.000027303330  0.002679273412
       4   -0.882351518483   -0.879672245071       -0.879700604556        0.000000040419  0.000028359485
       5   -0.879672245071   -0.879700604556       -0.879700562635        0.000000000001  0.000000041921
Result: -0.879700562635 f(root)=0.000000000001

Start x0 = 0.500000000000  x1 = 1.000000000000
    Iter                x0                x1                    x2                 f(x2)            |dx|
       1    0.500000000000    1.000000000000        0.898543151774        0.017975817114  0.101456848226
       2    1.000000000000    0.898543151774        0.878298083730       -0.001353282254  0.020245068044
       3    0.898543151774    0.878298083730        0.879715495415        0.000014397595  0.001417411685
       4    0.878298083730    0.879715495415        0.879700574292        0.000000011240  0.000014921123
       5    0.879715495415    0.879700574292        0.879700562635       -0.000000000000  0.000000011658
Result: 0.879700562635 f(root)=-0.000000000000


=== Finding roots for f3:sin(x) * log(pow(x, 2) + 1), using Newton (analytic) ===
Start x0 = 0.500000000000
    Iter                x_next             f(x_next)              |dx|
       1        0.315349065224        0.029403780136    0.184650934776
       2        0.205652917910        0.008458883359    0.109696147314
       3        0.135821831061        0.002475125685    0.069831086849
       4        0.090177784592        0.000729373559    0.045644046469
       5        0.060010024984        0.000215590643    0.030167759608
       6        0.039974686084        0.000063810588    0.020035338900
       7        0.026640329704        0.000018897891    0.013334356380
       8        0.017757419116        0.000005598198    0.008882910588
       9        0.011837449916        0.000001658570    0.005919969199
      10        0.007891387546        0.000000491408    0.003946062370
      11        0.005260852227        0.000000145600    0.002630535319
      12        0.003507213248        0.000000043140    0.001753638980
      13        0.002338135774        0.000000012782    0.001169077474
      14        0.001558755289        0.000000003787    0.000779380485
      15        0.001039169632        0.000000001122    0.000519585657
      16        0.000692779588        0.000000000332    0.000346390043
      17        0.000461853009        0.000000000099    0.000230926579
      18        0.000307901992        0.000000000029    0.000153951018
      19        0.000205267990        0.000000000009    0.000102634002
      20        0.000136845326        0.000000000003    0.000068422665
      21        0.000091230217        0.000000000001    0.000045615109
      22        0.000060820145        0.000000000000    0.000030410072
      23        0.000040546763        0.000000000000    0.000020273381
      24        0.000027031175        0.000000000000    0.000013515588
      25        0.000018020784        0.000000000000    0.000009010391
      26        0.000012013856        0.000000000000    0.000006006928
      27        0.000008009237        0.000000000000    0.000004004619
      28        0.000005339493        0.000000000000    0.000002669744
      29        0.000003559666        0.000000000000    0.000001779827
      30        0.000002373113        0.000000000000    0.000001186554
      31        0.000001582070        0.000000000000    0.000000791043
      32        0.000001054721        0.000000000000    0.000000527348
      33        0.000000703146        0.000000000000    0.000000351575
      34        0.000000468739        0.000000000000    0.000000234407
      35        0.000000312442        0.000000000000    0.000000156297
      36        0.000000208238        0.000000000000    0.000000104204
      37        0.000000138894        0.000000000000    0.000000069344
      38        0.000000092554        0.000000000000    0.000000046340
      39        0.000000061479        0.000000000000    0.000000031075
      40        0.000000041004        0.000000000000    0.000000020475
      41        0.000000026830        0.000000000000    0.000000014174
      42        0.000000018343        0.000000000000    0.000000008487
      43        0.000000011051        0.000000000000    0.000000007293
      44        0.000000005788        0.000000000000    0.000000005262
      45        0.000000005788        0.000000000000    0.000000000000
Result: 0.000000005788 f(root)=0.000000000000

Start x0 = 3.000000000000
    Iter                x_next             f(x_next)              |dx|
       1        3.148045593954       -0.015420467225    0.148045593954
       2        3.141602604325       -0.000023742215    0.006442989629
       3        3.141592653614       -0.000000000057    0.000009950711
       4        3.141592653590        0.000000000000    0.000000000024
       5        3.141592653590        0.000000000000    0.000000000000
Result: 3.141592653590 f(root)=0.000000000000

Start x0 = 6.000000000000
    Iter                x_next             f(x_next)              |dx|
       1        6.298816509512        0.057920872396    0.298816509512
       2        6.283204432017        0.000070776719    0.015612077495
       3        6.283185307210        0.000000000114    0.000019124807
       4        6.283185307180       -0.000000000000    0.000000000031
       5        6.283185307180       -0.000000000000    0.000000000000
Result: 6.283185307180 f(root)=-0.000000000000


=== Finding roots for f3: sin(x) * log(pow(x, 2) + 1), using Secant method ===
Start x0 = 0.400000000000  x1 = 0.600000000000
    Iter                x0                x1                    x2                 f(x2)            |dx|
       1    0.400000000000    0.600000000000        0.300195563363        0.025515191985  0.299804436637
       2    0.600000000000    0.300195563363        0.248545494934        0.014745374045  0.051650068429
       3    0.300195563363    0.248545494934        0.177829389735        0.005507330212  0.070716105200
       4    0.248545494934    0.177829389735        0.135671444856        0.002466979582  0.042157944879
       5    0.177829389735    0.135671444856        0.101463946493        0.001037442028  0.034207498362
       6    0.135671444856    0.101463946493        0.076638927823        0.000448384642  0.024825018671
       7    0.101463946493    0.076638927823        0.057742369762        0.000192096496  0.018896558061
       8    0.076638927823    0.057742369762        0.043578770499        0.000082656191  0.014163599263
       9    0.057742369762    0.043578770499        0.032881530871        0.000035525742  0.010697239628
      10    0.043578770499    0.032881530871        0.024818222047        0.000015280364  0.008063308824
      11    0.032881530871    0.024818222047        0.018732373940        0.000006571687  0.006085848107
      12    0.024818222047    0.018732373940        0.014139909508        0.000002826715  0.004592464432
      13    0.018732373940    0.014139909508        0.010673505170        0.000001215873  0.003466404338
      14    0.014139909508    0.010673505170        0.008057042673        0.000000523008  0.002616462497
      15    0.010673505170    0.008057042673        0.006082011334        0.000000224973  0.001975031339
      16    0.008057042673    0.006082011334        0.004591146220        0.000000096774  0.001490865114
      17    0.006082011334    0.004591146220        0.003465741015        0.000000041628  0.001125405205
      18    0.004591146220    0.003465741015        0.002616205175        0.000000017907  0.000849535840
      19    0.003465741015    0.002616205175        0.001974912524        0.000000007703  0.000641292651
      20    0.002616205175    0.001974912524        0.001490816368        0.000000003313  0.000484096157
      21    0.001974912524    0.001490816368        0.001125383551        0.000000001425  0.000365432817
      22    0.001490816368    0.001125383551        0.000849526725        0.000000000613  0.000275856826
      23    0.001125383551    0.000849526725        0.000641288672        0.000000000264  0.000208238053
      24    0.000849526725    0.000641288672        0.000484094462        0.000000000113  0.000157194210
      25    0.000641288672    0.000484094462        0.000365432083        0.000000000049  0.000118662379
      26    0.000484094462    0.000365432083        0.000275856512        0.000000000021  0.000089575571
      27    0.000365432083    0.000275856512        0.000208237917        0.000000000009  0.000067618595
      28    0.000275856512    0.000208237917        0.000157194152        0.000000000004  0.000051043765
      29    0.000208237917    0.000157194152        0.000118662354        0.000000000002  0.000038531798
      30    0.000157194152    0.000118662354        0.000089575561        0.000000000001  0.000029086793
Result: 0.000089575561 f(root)=0.000000000001

Start x0 = 2.900000000000  x1 = 3.100000000000
    Iter                x0                x1                    x2                 f(x2)            |dx|
       1    2.900000000000    3.100000000000        3.144828420689       -0.007726480497  0.044828420689
       2    3.100000000000    3.144828420689        3.141558706635        0.000080995761  0.003269714055
       3    3.144828420689    3.141558706635        3.141592627068        0.000000063280  0.000033920433
       4    3.141558706635    3.141592627068        3.141592653590       -0.000000000001  0.000000026522
Result: 3.141592653590 f(root)=-0.000000000001

Start x0 = 5.900000000000  x1 = 6.100000000000
    Iter                x0                x1                    x2                 f(x2)            |dx|
       1    5.900000000000    6.100000000000        6.296871990915        0.050707765093  0.196871990915
       2    6.100000000000    6.296871990915        6.282897007072       -0.001066906264  0.013974983843
       3    6.296871990915    6.282897007072        6.283184985680       -0.000001189796  0.000287978608
       4    6.282897007072    6.283184985680        6.283185307187        0.000000000029  0.000000321507
       5    6.283184985680    6.283185307187        6.283185307180       -0.000000000000  0.000000000008
Result: 6.283185307180 f(root)=-0.000000000000

    f1: wszystkie znane pierwiastki znalezione, przebiegi stabilne.
    f2 : symetryczne pierwiastki szybko znalezione(3 - 5 iteracji).
    f3 przy x~0 : bardzo wolna zbieznosc Newtona(dziesiatki iteracji).
    Powod : f3(x) = sin x * log(1 + x ^ 2) ~O(x ^ 3) przy 0, wiec f'(0) = 0
    - Newton traci kwadratowa zbieznosc (jak przy wielokrotnym/plaskim pierwiastku)
    Metoda siecznych przy jednym zestawie(f1, blisko - 9.42493) wygenerowala 'Blad : dzielenie przez zero.'
    - guard wykryl bardzo mala roznice fx1 - fx0 po konwergencji i zwrocono NaN,
    mimo ze metoda juz zblizyla sie do pierwiastka.


C:\Users\Eric\Desktop\STUDIA_IV\MN\MNv11\x64\Debug\MNv11.exe (process 3480) exited with code 0 (0x0).
To automatically close the console when debugging stops, enable Tools->Options->Debugging->Automatically close the console when debugging stops.
Press any key to close this window . . .